612

9 92 301
9 91 301
9 13 301
90 10 138
90 13 138
90 92 138
14 91 81
14 92 81
14 10 81
93 13 304
93 10 304
93 91 304
11 94 481
11 93 481
11 15 481
92 12 304
92 15 304
92 94 304
16 93 153
16 94 153
16 12 153
95 15 183
95 12 183
95 93 183
94 17 183
94 96 183
18 95 140
18 96 140
97 17 188
97 95 188
19 99 314
19 97 314
19 70 314
96 20 188
96 70 188
96 99 188
71 97 141
71 99 141
98 70 188
98 20 188
98 97 188
78 1 190
78 80 190
21 79 138
21 80 138
81 1 137
81 79 137
2 82 246
2 25 246
80 25 137
80 82 137
83 25 128
83 81 128
3 84 251
3 83 251
3 29 251
30 83 134
30 84 134
30 4 134
85 29 123
85 4 123
85 83 123
84 37 123
84 86 123
5 86 256
5 85 256
5 37 256
87 37 123
87 85 123
86 6 123
86 88 123
41 87 130
41 88 130
41 6 130
89 6 131
89 87 131
7 90 348
7 89 348
7 45 348
88 8 131
88 45 131
88 90 131
46 89 130
46 90 130
46 8 130
91 45 138
91 8 138
91 89 138
13 119 81
13 53 81
54 119 120
54 14 120
120 53 150
120 14 150
15 121 153
15 58 153
119 16 150
119 58 150
119 121 150
59 120 118
59 121 118
59 16 118
122 58 180
122 16 180
122 120 180
17 123 140
17 122 140
121 18 180
121 66 180
121 123 180
67 122 122
67 123 122
67 18 122
124 66 150
124 18 150
124 122 150
70 124 141
70 72 141
123 71 150
123 72 150
73 124 125
73 71 125
79 106 190
79 77 190
79 100 190
76 79 243
76 100 243
76 106 243
101 77 141
101 106 141
101 79 141
106 21 124
106 107 124
22 107 136
22 21 136
25 108 136
25 26 136
107 108 130
29 109 134
29 31 134
108 30 122
108 31 122
108 109 122
32 109 134
32 30 134
37 110 129
37 38 129
109 38 125
109 110 125
110 41 133
110 111 133
42 111 144
42 41 144
45 112 130
45 47 130
111 46 131
111 47 131
111 112 131
48 112 140
48 46 140
53 113 120
53 55 120
112 55 138
112 113 138
114 55 150
114 54 150
58 115 118
58 114 118
58 60 118
113 59 150
113 60 150
113 115 150
61 114 145
61 115 145
61 59 145
116 60 180
116 59 180
116 114 180
66 117 122
66 116 122
66 68 122
115 67 180
115 68 180
115 117 180
69 116 151
69 117 151
69 67 151
118 68 135
118 67 135
118 116 135
117 73 135
117 74 135
72 118 125
72 74 125
75 118 153
75 73 153
100 125 141
100 102 141
103 125 146
103 101 146
126 102 129
126 101 129
126 125 129
23 126 143
23 22 143
127 22 123
127 126 123
26 127 134
26 27 134
128 27 125
128 127 125
31 128 134
31 33 134
34 128 147
34 32 147
129 33 121
129 32 121
129 128 121
38 129 143
38 39 143
130 39 121
130 129 121
43 130 161
43 42 161
131 42 135
131 130 135
47 131 140
47 49 140
50 131 148
50 48 148
132 49 160
132 48 160
132 131 160
55 132 161
55 56 161
133 56 147
133 132 147
60 134 145
60 133 145
60 62 145
63 133 131
63 134 131
63 61 131
135 62 83
135 61 83
135 133 83
68 136 151
68 135 151
134 69 183
137 69 137
137 135 137
74 138 153
74 137 153
74 270 153
136 75 137
136 270 137
136 138 137
271 137 392
271 138 392
271 75 392
139 270 259
139 75 259
139 137 259
102 142 146
102 104 146
140 103 200
140 104 200
140 142 200
105 141 140
105 142 140
105 103 140
142 23 130
142 143 130
24 143 135
24 23 135
27 144 145
27 28 145
143 28 125
143 144 125
33 145 147
33 35 147
144 34 121
144 35 121
144 145 121
36 145 125
36 34 125
39 146 145
39 40 145
145 40 129
145 146 129
146 43 129
146 147 129
44 147 140
44 43 140
49 148 148
49 51 148
147 50 129
147 51 129
147 148 129
52 148 130
52 50 130
56 149 145
56 57 145
148 57 133
148 149 133
62 64 131
149 63 133
149 64 133
65 63 131
104 150 140
104 212 140
213 150 150
213 105 150
151 212 131
151 105 131
151 150 131
291 151 375
291 24 375
152 24 121
152 151 121
28 152 145
28 224 145
153 224 125
153 152 125
35 153 125
35 229 125
230 153 141
230 36 141
154 229 149
154 36 149
154 153 149
40 154 140
40 235 140
155 235 129
155 154 129
240 155 145
240 44 145
156 44 129
156 155 129
51 156 130
51 246 130
246 156 129
246 52 129
157 245 133
157 52 133
157 156 133
57 157 139
57 255 139
158 255 135
158 157 135
64 158 131
64 260 131
261 158 145
261 65 145
212 160 150
212 214 150
159 213 200
159 214 200
159 160 200
215 292 150
215 160 150
215 213 150
160 291 131
160 161 131
220 161 145
220 291 145
161 225 129
161 162 129
224 162 145
224 225 145
229 163 141
229 231 141
162 230 129
162 231 129
162 163 129
232 163 161
232 230 161
235 164 161
235 236 161
163 236 129
163 164 129
164 240 129
164 165 129
241 165 145
241 240 145
245 166 129
245 247 129
165 246 135
165 247 135
165 166 135
248 166 142
248 246 142
255 167 145
255 256 145
166 256 135
166 167 135
260 168 145
260 262 145
167 261 161
167 262 161
167 168 161
263 168 140
263 261 140
169 262 450
169 261 450
270 290 392
270 169 392
270 272 392
168 271 450
168 272 450
168 290 450
273 169 185
273 290 185
273 271 185
214 170 150
214 216 150
217 170 141
217 215 141
171 216 132
171 215 132
171 170 132
221 171 145
221 220 145
172 220 129
172 171 129
225 172 145
225 226 145
173 226 129
173 172 129
231 173 161
231 233 161
234 173 161
234 232 161
174 233 129
174 232 129
174 173 129
236 174 145
236 237 145
175 237 129
175 174 129
242 175 145
242 241 145
176 241 136
176 175 136
247 176 142
247 249 142
250 176 161
250 248 161
177 249 135
177 248 135
177 176 135
256 177 145
256 257 145
178 257 135
178 177 135
262 178 140
262 264 140
265 178 142
265 263 142
216 180 141
216 218 141
179 217 200
179 218 200
179 180 200
219 293 144
219 180 144
219 217 144
180 221 132
180 181 132
222 181 140
222 221 140
226 182 145
226 227 145
181 227 129
181 182 129
233 183 161
182 234 129
182 183 129
237 184 145
237 238 145
183 238 129
183 184 129
184 242 130
184 185 130
243 185 145
243 242 145
185 250 145
185 251 145
185 186 145
252 186 147
252 250 147
249 186 161
249 252 161
257 187 141
257 258 141
186 258 145
186 187 145
264 188 142
264 266 142
187 265 154
187 266 154
187 188 154
267 188 142
267 265 142
189 266 293
189 265 293
272 275 285
272 189 285
272 276 285
188 273 293
188 276 293
277 189 284
277 275 284
277 273 284
274 276 300
274 273 300
274 189 300
218 190 144
218 288 144
289 219 300
191 288 127
191 219 127
191 190 127
223 191 300
223 222 300
192 222 125
192 191 125
227 192 145
227 228 145
193 228 250
193 192 250
238 193 141
238 239 141
194 239 129
194 193 129
244 194 145
244 243 145
195 243 145
195 194 145
251 195 147
251 253 147
254 195 168
254 252 168
196 253 141
196 252 141
196 195 141
258 196 161
258 259 161
197 259 148
197 196 148
266 197 142
266 268 142
269 197 143
269 267 143
228 200 135
228 199 135
228 278 135
198 278 200
198 200 200
201 278 248
201 199 248
239 202 145
239 201 145
239 279 145
200 279 248
200 202 248
203 279 121
203 201 121
202 244 121
202 204 121
280 203 300
280 204 300
280 244 300
205 244 132
205 203 132
204 254 132
204 281 132
204 206 132
253 206 168
253 205 168
253 281 168
282 205 300
282 206 300
282 254 300
207 281 135
207 254 135
207 205 135
259 208 148
259 207 148
259 283 148
206 283 135
206 208 135
209 283 140
209 207 140
268 210 143
268 209 143
268 284 143
208 269 140
208 284 140
208 210 140
285 209 300
285 210 300
285 269 300
211 284 300
211 269 300
211 209 300
276 211 284
276 286 284
210 277 300
210 286 300
287 211 300
287 277 300
