261

1 6 200
1 2 200
1 21 200
4 21 200
4 8 200
5 24 200
5 18 200
5 31 200
6 21 158.85
6 2 158.85
7 28 200
7 22 200
7 35 200
8 3 158.85
8 12 158.85
10 3 116.59
10 6 116.59
11 36 200
11 30 200
11 39 200
12 25 116.59
12 16 116.59
14 25 244.84
14 10 244.84
15 40 200
15 34 200
15 43 200
16 27 244.84
16 20 244.84
18 27 278.35
18 14 278.35
19 44 200
19 38 200
19 47 200
20 31 278.35
20 24 278.35
21 52 852.69
21 46 852.69
21 51 852.69
22 31 271.11
22 18 271.11
23 2 852.69
23 8 852.69
24 35 271.11
24 28 271.11
25 56 852.37
25 50 852.37
26 35 122.46
26 22 122.46
27 60 839.89
27 54 839.89
28 9 122.46
28 32 122.46
29 2 839.89
29 20 839.89
30 9 141.48
30 26 141.48
31 64 845.37
31 58 845.37
31 55 845.37
32 13 141.48
32 39 141.48
32 36 141.48
33 2 845.37
33 24 845.37
34 39 200
34 13 200
34 30 200
35 68 821.99
35 62 821.99
36 17 200
36 43 200
36 40 200
37 2 820.88
37 32 820.88
37 9 820.88
38 43 432.99
38 17 432.99
38 34 432.99
39 76 825.37
39 70 825.37
40 47 432.99
40 44 432.99
41 2 825.37
41 36 825.37
41 13 825.37
42 47 200
42 38 200
43 80 464.21
43 59 464.21
45 34 464.21
45 40 464.21
45 17 464.21
47 84 475.17
47 78 475.17
47 67 475.17
48 23 200
48 51 200
48 52 200
49 38 475.17
49 44 475.17
50 53 275.43
50 23 275.43
50 46 275.43
52 56 275.43
53 46 200
53 52 200
53 23 200
54 50 255.04
55 114 200
55 95 200
56 29 255.04
56 60 255.04
57 58 200
57 64 200
57 33 200
58 29 282
58 54 282
59 74 288.6
59 63 288.6
60 33 282
60 55 282
60 64 282
61 80 288.6
61 45 288.6
62 55 272.83
62 33 272.83
62 58 272.83
63 88 175.1
63 71 175.1
64 68 272.83
65 74 175.1
65 61 175.1
66 62 135.74
67 92 465.07
67 86 465.07
67 75 465.07
68 37 135.74
68 72 135.74
69 78 465.07
69 84 465.07
69 49 465.07
70 37 134.09
70 66 134.09
71 100 478.32
71 94 478.32
71 79 478.32
72 41 134.09
72 76 134.09
73 88 478.32
73 65 478.32
74 41 200
74 70 200
75 104 465.32
75 98 465.32
75 83 465.32
76 61 200
76 63 200
77 86 465.32
77 92 465.32
77 69 465.32
78 59 431.47
78 45 431.47
79 108 480.31
79 87 480.31
80 49 431.47
80 67 431.47
80 84 431.47
81 94 480.31
81 100 480.31
81 73 480.31
82 67 200
82 49 200
82 78 200
83 112 470.32
83 106 470.32
83 91 470.32
85 98 470.32
85 104 470.32
85 77 470.32
86 71 432.82
86 65 432.82
87 132 670.03
87 126 670.03
87 107 670.03
88 69 432.82
88 75 432.82
88 92 432.82
89 108 670.03
89 81 670.03
90 75 200
90 69 200
90 86 200
91 136 665.47
91 130 665.47
91 111 665.47
93 106 665.47
93 112 665.47
93 85 665.47
95 128 200
95 122 200
95 103 200
96 73 200
96 79 200
96 100 200
97 114 200
97 57 200
98 79 435.82
98 73 435.82
98 94 435.82
99 124 200
99 118 200
100 77 435.82
100 83 435.82
100 104 435.82
102 83 200
102 77 200
102 98 200
105 122 200
105 128 200
105 97 200
106 87 419.97
106 81 419.97
108 85 419.97
108 91 419.97
108 112 419.97
109 118 200
109 132 200
109 89 200
110 91 200
110 85 200
110 106 200
113 130 200
113 136 200
113 93 200
116 57 200
116 95 200
118 101 200
118 124 200
120 101 200
120 124 200
122 101 200
122 118 200
124 97 200
124 103 200
124 128 200
126 103 200
126 97 200
126 122 200
128 89 200
128 107 200
128 132 200
130 107 436.11
130 89 436.11
130 126 436.11
132 93 436.11
132 111 436.11
132 136 436.11
134 111 200
134 93 200
134 130 200
